0 615 70 765 70 915 70
1 690 140 765 140 840 140
2 565 210 665 210 765 210 865 210 965 210
3 565 310 665 310 765 310 865 310 965 310
4 565 410 665 410 765 410 865 410 965 410
5 565 510 665 510 765 510 865 510 965 510
6 565 610 665 610 765 610 865 610 965 610
7 690 680 765 680 840 680
8 615 750 765 750 915 750
9 565 210 565 310 565 410 565 510 565 610
10 665 210 665 310 665 410 665 510 665 610
11 765 70 765 140 765 210 765 310 765 410 765 510 765 610 765 680 765 750
12 865 210 865 310 865 410 865 510 865 610
13 965 210 965 310 965 410 965 510 965 610
14 615 70 690 140 765 210 865 310 965 410
15 915 70 840 140 765 210 665 310 565 410
16 565 410 665 510 765 610 840 680 915 750
17 965 410 865 510 765 610 690 680 615 750
18 565 210 665 310 765 410 865 510 965 610
19 965 210 865 310 765 410 665 510 565 610
