0 765 70 690 140
1 615 70 915 70 765 140
2 765 70 840 140
3 615 70 765 140 765 210
4 765 70 690 140 840 140 765 210
5 915 70 765 140 765 210
6 665 210 565 310 665 310
7 565 210 765 210 665 310
8 690 140 765 140 840 140 665 210 865 210 665 310 765 310 865 310
9 765 210 965 210 865 310
10 865 210 865 310 965 310
11 565 210 665 310 565 410
12 565 210 665 210 765 210 565 310 765 310 565 410 665 410 765 410
13 765 210 665 310 865 310 765 410
14 765 210 865 210 965 210 765 310 965 310 765 410 865 410 965 410
15 965 210 865 310 965 410
16 565 310 665 310 665 410 565 510 665 510
17 665 310 565 410 765 410 665 510
18 665 310 765 310 865 310 665 410 865 410 665 510 765 510 865 510
19 865 310 765 410 965 410 865 510
20 865 310 965 310 865 410 865 510 965 510
21 565 410 665 510 565 610
22 665 410 565 410 765 410 565 510 765 510 565 610 665 610 765 610
23 765 410 665 510 865 510 765 610
24 765 410 865 410 965 410 765 510 965 510 765 610 865 610 965 610
25 965 410 865 510 965 610
26 565 510 665 510 665 610
27 665 510 565 610 765 610
28 665 510 765 510 865 510 665 610 865 610 690 680 765 680 840 680
29 865 510 765 610 965 610
30 865 510 965 510 865 610
31 765 610 765 680 615 750
32 765 610 690 680 840 680 765 750
33 765 610 765 680 915 750
34 690 680 765 750
35 765 680 615 750 915 750
36 840 680 765 750

